.Random.seed <-
c(10403L, 10L, 1535662057L, 52018459L, 436131626L, 206645324L, 
1357291535L, -10392763L, -1813201668L, -120648878L, -1039692595L, 
2046438535L, -1975502994L, 1811810632L, 1181855051L, 1583755433L, 
-469929480L, 1226211622L, 1784996417L, 804293587L, 802830722L, 
507710900L, -1497212617L, -1372025811L, -1221592764L, -1825100182L, 
1541179605L, -166025617L, -1585269898L, -1851202400L, -825131677L, 
-981758463L, -1738060432L, -1130345202L, -1059844231L, -1328566517L, 
-1203130310L, -1585135812L, -420791169L, 934236117L, 1904697836L, 
-1936190654L, 87243933L, -1559821033L, 733871230L, -895642568L, 
-512412901L, 2092988537L, 1469472968L, 519514358L, -1914635983L, 
-224472733L, -1901509838L, 1779108996L, -1997408057L, 172909469L, 
876218132L, 627391930L, -614802427L, 1592209887L, 150369382L, 
-588508176L, 114289939L, -1672998223L, -1320583840L, -354635010L, 
1493331593L, 236231099L, -437173366L, 1007659628L, -794991633L, 
1771949093L, 1968477404L, -976753998L, -431174227L, -1284304537L, 
1694871182L, -1351420056L, 528609131L, -506267383L, 1805381528L, 
434394822L, -132832223L, -1296027469L, 1151396386L, -993186796L, 
411861143L, -1082609011L, -442932316L, -1119068790L, -1444656651L, 
-1405721521L, 1179304790L, -639157760L, 1981797187L, 1582068449L, 
1440555088L, -1530609490L, -243813287L, 460063851L, 1709263322L, 
828756636L, 1080847519L, 262217461L, -844143732L, -628493726L, 
1020921405L, 629385399L, 1772459870L, 743266968L, 138152443L, 
1027781529L, 627379240L, 1692007638L, -1128650415L, 766560259L, 
1666109330L, 1070095652L, 2059727847L, 1913849917L, -926878028L, 
960109850L, -654053787L, 1417290495L, -951666810L, 231885072L, 
-1469974093L, -2054512047L, -941264384L, 589688542L, -1844599511L, 
-1122359077L, -170004502L, 402214796L, 163889359L, 1448001669L, 
991298364L, -145589742L, -2072030963L, -1579050425L, 2055176238L, 
1150334344L, -2044015477L, 2137106025L, 476543544L, -1790596378L, 
-925874559L, 1739360787L, -452825662L, 1984259700L, 725645431L, 
-956581523L, -1363476988L, 1587735850L, 101091989L, 917930287L, 
-409824202L, -961253280L, -265988445L, 936595905L, -1969967696L, 
884581582L, 1672286777L, -1838865333L, 2270714L, -1394269956L, 
-928942785L, -258651627L, 1852801324L, -407145982L, -497827619L, 
-1343515689L, 1423470270L, 125851896L, -748968229L, -97559239L, 
-474519416L, 1661055030L, -2034842511L, -1298633053L, -270842894L, 
75724612L, -1408419833L, 1577620957L, -1906208044L, -261726726L, 
-2038705851L, -1875757665L, 566003494L, 1108182960L, -1117068205L, 
956178289L, -1141746016L, -776521154L, -1037643447L, -1917145093L, 
-985566262L, 1793920300L, -1587134161L, 176402405L, -957600100L, 
1569585906L, -157123731L, 1980466343L, -2091786546L, 1290064936L, 
486303787L, 1021520457L, -1178680488L, -9810426L, 453269473L, 
-1178671757L, -593654302L, -406290092L, 1910026327L, -1734632371L, 
-1408413724L, 725237194L, -1997634507L, -293846385L, -579634282L, 
-540129472L, -119674365L, 1618038817L, -483165424L, 283826414L, 
1620400281L, -1482355413L, -265870310L, -1408086948L, 1787531730L, 
-1544849920L, 1719103828L, -2051178264L, -1844137734L, 1974249168L, 
-1340225236L, 472586484L, 189656466L, 1614817632L, 374876172L, 
-243004704L, 204931682L, 126958248L, 1327872588L, -1088903300L, 
267873586L, -985872784L, 558578500L, 1686423512L, -367296646L, 
2036010544L, -152848452L, -231655852L, -509646782L, 1463902368L, 
-1387811140L, 732170704L, -1654144158L, 1251279592L, -358825780L, 
1991172604L, -613086734L, 1152014976L, -890194444L, 77809288L, 
1893809978L, -1359723696L, -2057382804L, -1354540652L, -1821203374L, 
-1710036512L, -1132938036L, 972532896L, 1404368258L, -1223122712L, 
194240236L, 1822043452L, -1793770382L, 612778096L, 1150048292L, 
666086456L, 1642116890L, -580862768L, 1111226172L, 1675925396L, 
1535085442L, -421645888L, -608620996L, -285833840L, -1727306206L, 
1891835144L, -1127397748L, -1976150244L, 1084858514L, 1584343424L, 
179322388L, 1878929192L, 1438863930L, -273214000L, -2089432724L, 
1930593204L, -1206679534L, -1583886880L, -903872564L, -1930600224L, 
-922716126L, -791101144L, 1978490380L, 1617289020L, -433046542L, 
-1650193680L, -1120442812L, -1408785832L, -844103878L, 260265456L, 
-1602613572L, 1226610964L, -1767318846L, -1608856480L, -1570950276L, 
-521697328L, 1032274210L, -473314648L, -1599376500L, 1154623676L, 
1699342130L, -1462605248L, 2081498292L, -197789112L, 22248890L, 
2127845904L, -11982100L, -81254060L, 218562834L, -388817504L, 
1818532556L, -1850474912L, 796245954L, -1837285592L, 420646828L, 
1643131708L, 460360050L, -1493279952L, 33899812L, -1665631432L, 
1559910106L, 408027024L, 29175548L, 1439064980L, 182057026L, 
675333376L, 1104929852L, 1071620432L, -710494L, 1137596744L, 
1663313676L, 696603356L, -694514350L, 1864424576L, 821649492L, 
-1113573400L, 823853306L, -118609072L, -1806917844L, 199776628L, 
-1827910766L, -1902450592L, 815261068L, 1204632416L, 1510967778L, 
-1000412248L, -2128765748L, 1783986172L, 103024050L, 1699606000L, 
976149444L, -623895208L, -1647660678L, 2087840688L, 1591706044L, 
-1333286828L, 688033730L, 1749342240L, -427534148L, 1213334096L, 
1107241954L, 1315473512L, 1238211660L, -271288068L, -600024078L, 
-1848985344L, -1675075212L, 1401988104L, -1555955782L, -1822862896L, 
-146588692L, 1205418388L, -196902446L, -850038432L, 1685188428L, 
1288382752L, -1200834686L, 1421258472L, 1817895148L, 1605018684L, 
-1655923854L, 621184624L, 1791052836L, 1449714488L, 116579482L, 
671443664L, -1574788932L, 1074937492L, -504795518L, -1814996800L, 
336919356L, 505777296L, 1365253666L, 2014421000L, -691682036L, 
370377884L, -1450779118L, 1414582144L, 1688544788L, 2103083560L, 
37285178L, 484196816L, 1257569388L, 410294580L, 1874128530L, 
1522062176L, 1680876364L, -7669792L, 308746146L, 1413740456L, 
-1679127156L, -1969721156L, -1148219022L, 2112605424L, -965472188L, 
-1061291688L, -1224032710L, 1835686768L, 1244911676L, 175544084L, 
-1587937854L, 256234208L, -562040964L, 685743824L, 768700578L, 
291005480L, 1849738508L, -700608580L, -686788302L, 496316864L, 
-187785036L, -27632443L, -2084692465L, -574368120L, -1318020186L, 
1190384467L, 1603501237L, 76249618L, 1303779296L, -237483447L, 
901447803L, -889073332L, -1359969062L, -1124637489L, 951791769L, 
-1754092370L, -1537336900L, -1192648147L, -914532905L, -2132132832L, 
1367138686L, 1262530379L, 247739725L, 871365498L, -556425800L, 
1129545569L, 1472182035L, 553045812L, 845258050L, 1144656215L, 
2009439393L, 1014302054L, 1767466852L, 1943651989L, 1581612991L, 
1213989720L, 2038677878L, -937737341L, -1094639163L, 1325459170L, 
-864639152L, 613081721L, -798603861L, 487115548L, 1477778506L, 
-1663973313L, -1538123639L, -1542914914L, 701950284L, 620720413L, 
1725029543L, -227382320L, 1468535662L, -552758757L, -1405914243L, 
-1973071510L, 880414728L, -66668367L, -1369958621L, 1224225828L, 
-1954027822L, 1629160231L, 693814641L, 1298959286L, -483020972L, 
-1649382939L, 12276719L, -411819224L, 1969316742L, -1175920717L, 
-1155852523L, 1457144178L, 1805206976L, 1718548009L, -500495717L, 
1221636972L, -275100806L, 1328968879L, -507002951L, -2100078130L, 
1616870684L, 1954019469L, -692374281L, 1477300224L, -385412514L, 
1847856427L, 130821677L, 1438635674L, 1054319192L, 1957510593L, 
-283590029L, 372948884L, -457306590L, -181849801L, -1194008575L, 
630029574L, 733768004L, -1428341643L, -1870459425L, -2046060232L, 
-1186950378L, -18420957L, 947642597L, 1684913410L, -643674256L, 
-2111295719L, -145987829L, -1812544516L, -1603403734L, -2071630753L, 
-2092342295L, -864080642L, 1133274348L, -2018518979L, -484824057L, 
-768231440L, -1547009138L, -1684373061L, 1456455581L, -424448694L, 
1821418856L, -901420207L, 1300121667L, -1789537980L, 1358277106L, 
155630535L, 1588120977L, -1348361962L, 220672372L, 2001954821L, 
915484751L, -526257080L, -697374234L, -605079789L, -1012752267L, 
1740989010L, 603292832L, 1208393097L, -277729861L, -690824692L, 
923669402L, -1655588081L, -1236551335L, 1529842670L, 304648828L, 
